11599.5482907
4.04929033397
103.117700334
132.107870334
235.117060334
289.197010334
322.149090334
417.291970334
437.176030334
546.334560334
552.202970334
666.245900334
693.402970334
794.340860334
821.461550334
931.399770334
958.520460334
1059.45835033
1059.56814033
1156.62090033
1172.54241033
1259.57444033
1271.64784033
1356.62720033
1408.70675033
1512.72831033
1564.80786033
1675.79164033
1677.89192033
1776.83932033
1805.95050033
1873.89208033
1919.99343033
1972.96049033
2019.06184033
2072.02890033
2148.10443033
2185.11296033
2276.16301033
2300.13990033
2347.20012033
2418.23723033
2463.20323033
2533.26417033
2576.28729033
2662.30676033
2705.32988033
2719.32822033
2802.38264033
2832.41228033
2933.42313033
2945.49634033
2990.44459033
3060.52328033
3121.48508033
3131.56039033
3234.56914033
3244.64445033
3347.65320033
3400.74556033
3503.75431033
3513.82962033
3632.79690033
3642.87221033
3729.84966033
3798.97332033
3876.91807033
3896.02608033
3991.94501033
4025.06867033
4106.97195033
4181.16978033
4221.01488033
4284.17897033
4349.07346033
4415.21946033
4452.08265033
4512.27222033
4553.13033033
4625.35628033
4666.21439033
4754.39887033
4780.25732033
4825.43598033
4883.26651033
4940.46292033
5037.51568033
5069.34582033
5151.55861033
5197.40440033
5264.64267033
5310.48846033
5377.72673033
5424.53139033
5490.81079033
5511.56342033
5577.84282033
5626.59036033
5740.90615033
5755.63295033
5843.91534033
5858.64214033
5972.95793033
6021.70547033
6087.98487033
6108.73750033
6175.01690033
6221.82156033
6289.05983033
6334.90562033
6402.14389033
6447.98968033
6530.20247033
6562.03261033
6659.08537033
6716.28178033
6774.11231033
6819.29097033
6845.14942033
6933.33390033
6974.19201033
7046.41796033
7087.27607033
7147.46564033
7184.32883033
7250.47483033
7315.36932033
7378.53341033
7418.37851033
7492.57634033
7574.47962033
7607.60328033
7703.52221033
7722.63022033
7800.57497033
7869.69863033
7956.67608033
7966.75139033
8085.71867033
8095.79398033
8198.80273033
8251.89509033
8354.90384033
8364.97915033
8467.98790033
8478.06321033
8539.02501033
8609.10370033
8654.05195033
8666.12516033
8767.13601033
8797.16565033
8880.22007033
8894.21841033
8937.24153033
9023.26100033
9066.28412033
9136.34506033
9181.31106033
9252.34817033
9299.40839033
9323.38528033
9414.43533033
9451.44386033
9527.51939033
9580.48645033
9626.58780033
9679.55486033
9725.65621033
9793.59779033
9822.70897033
9921.65637033
9923.75665033
10034.7404303
10086.8199803
10190.8415403
10242.9210903
10327.9004503
10339.9738503
10427.0058803
10442.9273903
10539.9801503
10540.0899403
10641.0278303
10668.1485203
10778.0867403
10805.2074303
10906.1453203
10933.3023903
11047.3453203
11053.2137303
11162.3722603
11182.2563203
11277.3992003
11310.3512803
11364.4312303
11467.4404203
11496.4305903
11595.4990003
