1008.05256943
1123.07950943
1142.18560126
1176.95827289
1252.12209943
1270.57768329
1303.09032769
1349.17485943
1462.25891943
1510.82116917
1593.29940943
1749.40051943
1832.73185584
1905.50162943
2004.57003943
2138.55477831
2180.63066477
2190.64934943
2315.60061421
2318.74430943
2446.83926943
2504.0693314
2574.93422943
2578.10458354
2583.89817943
2619.9595216
2668.71349162
2688.01828943
2697.83974863
2737.59283035
2746.96150943
2817.06087943
2860.04556943
2914.11363943
2917.68037519
2957.09832943
2979.72324696
3005.88909841
3100.19294943
3104.16673943
3214.23587943
3217.25079943
3229.94933504
3246.14222948
3275.37838271
3322.32885984
3373.35190943
3400.31518943
3400.32874773
3486.43596943
3514.80715246
3563.37851943
3589.44515943
3633.77922276
3655.13549246
3658.72966433
3662.44692943
3736.51356943
3746.3258405
3799.50583943
3833.56632943
3902.77033032
3913.54876943
4021.23974286
4027.59169943
4051.70555894
4053.76466427
4135.57960592
4174.66010943
4337.72343943
4384.72798579
4500.78676943
4572.22989895
4577.02026576
4590.1073889
4613.87082943
4750.92973943
4914.82318083
4937.00904943
4958.35134365
4973.10361978
5050.09310943
