4621.75575044
4722.80343044
4850.86201044
4978.92059044
5035.94205044
5199.00538044
5327.10034044
5455.19530044
5558.20449044
5689.24498044
5803.28791044
5966.35124044
6037.38835044
6134.44111044
6290.54222044
6389.61063044
6486.66339044
6649.72672044
6764.75366044
6861.80642044
6964.81561044
7077.89967044
7191.94260044
7355.00593044
7511.10704044
7648.16595044
7763.19289044
7862.26130044
7965.27049044
8052.30252044
8189.36143044
8352.42476044
8409.44622044
8572.50955044
8728.61066044
8859.65115044
8987.70973044
9090.71892044
9203.80298044
9331.89794044
9444.98200044
9601.08311044
9702.13079044
9830.22575044
9945.25269044
10032.2847204
10131.3531304
10287.4542404
10416.4968304
10515.5652404
10586.6023504
10687.6500304
10818.6905204
10947.7331104
11004.7545704
11141.8134804
11288.8818904
11391.8910804
11528.9499904
11599.9871004
11715.0140404
11818.0232304
11889.0603404
12017.1553004
12120.1644904
12235.1914304
12306.2285404
12419.3126004
12548.3551904
12619.3923004
12732.4763604
12833.5240404
12920.5560704
13035.5830104
13182.6514204
13281.7198304
13428.7882404
13591.8515704
13706.8785104
13837.9190004
14023.9983104
14123.0667204
14251.1253004
14379.1838804
14565.2631904
14679.3061204
14736.3275804
14922.4068904
15050.4654704
15153.4746604
15252.5430704
15323.5801804
15436.6642404
15507.7013504
