992
321 628
678 53
144 433
485 428
363 71
276 584
254 159
100 471
807 853
707 692
35 507
133 101
623 418
364 339
934 528
442 368
606 75
900 664
935 252
722 628
434 955
319 434
205 322
664 400
401 438
34 46
475 565
137 104
21 136
971 261
693 714
288 96
159 67
359 881
296 138
498 562
287 353
287 390
468 491
153 100
920 387
708 790
30 8
128 551
865 98
464 34
858 406
53 774
694 472
6 212
670 543
185 13
623 814
842 212
923 99
698 832
240 28
372 144
901 362
284 331
376 509
248 330
129 325
455 270
3 572
264 151
756 32
80 280
222 142
7 216
878 124
538 959
462 944
530 643
121 150
23 297
277 529
3 2
735 726
515 283
940 801
189 873
732 246
184 556
118 38
990 767
343 451
341 248
487 267
36 232
39 29
109 110
119 69
825 68
599 344
470 252
165 425
294 345
274 568
402 778
672 39
30 75
275 211
275 587
100 91
187 435
542 397
681 713
375 66
466 469
608 938
253 130
510 462
530 169
3 12
237 665
591 100
869 765
370 908
716 89
48 59
156 287
312 238
389 266
201 942
453 147
227 107
206 31
983 188
401 480
634 981
77 517
12 328
357 943
381 499
408 486
500 184
338 397
558 463
917 744
416 25
98 498
23 12
25 147
640 185
4 9
370 200
546 781
69 5
245 173
761 710
461 443
73 99
409 79
374 611
915 252
612 484
362 458
450 221
125 55
72 211
629 620
21 217
140 9
422 104
47 516
26 13
657 50
489 430
357 12
188 326
977 801
53 106
312 424
432 787
539 594
223 8
473 439
368 932
197 98
964 204
537 192
155 52
962 485
181 794
335 393
572 875
107 134
230 947
352 302
674 588
333 553
909 532
552 166
165 520
32 148
721 125
235 284
64 84
742 555
611 675
614 50
386 431
805 409
41 527
199 266
988 166
131 130
149 36
531 246
244 543
50 641
128 230
667 498
980 845
580 343
547 114
417 42
186 60
64 276
633 512
766 439
16 154
776 229
140 712
217 308
423 888
204 218
214 96
817 119
317 27
251 82
915 950
534 933
127 52
355 577
390 477
138 399
974 449
169 575
638 235
636 427
85 277
314 904
46 340
326 367
271 384
351 548
965 508
789 283
496 701
986 293
386 468
220 231
282 243
6 1
668 963
532 808
630 939
862 164
70 265
573 624
436 184
56 25
823 245
82 67
835 866
323 1
621 223
273 609
822 777
421 140
447 765
73 734
419 365
23 41
396 230
66 79
931 505
603 833
635 377
262 112
72 33
198 61
350 16
35 48
40 690
122 261
800 378
191 154
218 252
250 123
233 84
323 622
319 26
30 306
168 268
428 539
317 608
270 607
40 95
192 979
383 49
84 746
33 27
297 335
351 747
512 321
73 566
100 289
428 16
36 8
31 70
910 765
657 709
761 820
164 219
81 83
480 841
184 20
58 32
653 410
453 877
342 270
359 8
647 300
162 203
135 91
169 751
172 241
179 142
603 50
975 921
899 573
610 485
161 168
257 879
243 948
536 586
296 926
107 65
160 18
187 137
279 369
171 221
371 273
156 22
620 44
849 665
618 53
442 519
767 382
4 394
802 228
35 45
916 589
414 597
37 16
457 384
812 854
74 98
447 31
5 3
807 829
518 343
83 555
19 16
153 925
960 28
345 395
754 494
686 609
532 200
508 533
14 49
144 89
69 927
107 236
659 649
513 956
941 558
685 133
181 662
318 476
182 153
534 193
59 120
634 106
141 107
590 520
112 15
793 354
277 344
246 189
525 238
652 190
860 471
173 196
67 456
337 106
176 582
4 354
443 99
515 737
578 795
74 103
329 103
165 45
43 88
43 61
173 146
183 919
146 121
299 60
349 238
147 511
870 402
17 16
264 332
464 797
439 244
859 108
952 879
474 314
435 748
237 806
123 107
79 741
76 836
107 336
503 655
96 65
711 556
274 930
455 514
37 51
957 367
903 500
278 51
644 695
362 20
796 778
318 26
651 661
867 412
193 162
152 234
216 958
812 590
39 201
161 579
93 7
357 581
269 381
178 123
108 128
260 117
785 76
169 106
259 361
835 662
989 200
982 955
140 291
16 460
84 703
273 95
388 310
155 855
351 619
522 246
79 432
92 176
848 610
190 180
243 206
104 101
404 80
344 911
157 142
552 564
74 42
313 913
896 208
77 111
839 291
411 569
651 410
162 385
267 970
630 743
804 845
969 300
649 634
87 658
235 279
57 51
25 16
382 177
460 660
313 167
570 179
770 128
633 683
552 719
874 152
604 222
293 245
18 5
13 54
764 477
136 783
818 50
58 152
1 2
80 73
894 375
602 66
10 13
346 104
204 339
454 179
272 156
3 20
172 7
12 202
19 71
113 87
79 249
762 239
132 204
311 112
42 228
225 402
242 160
398 615
1 64
494 876
98 151
627 64
272 281
280 302
90 368
255 155
102 540
596 395
151 588
341 452
68 16
405 394
852 783
571 192
283 207
121 13
94 32
155 528
573 82
919 924
503 708
406 546
263 29
752 803
248 752
65 656
827 693
682 73
246 731
53 55
207 804
418 288
11 259
851 841
246 810
42 13
711 811
639 565
736 136
26 880
355 184
488 352
209 55
380 715
893 560
365 210
691 928
139 844
92 105
257 87
953 669
24 18
444 230
493 53
43 3
50 541
73 68
227 914
224 109
372 772
786 18
440 353
778 809
143 43
898 429
347 63
117 225
19 978
90 86
107 414
51 145
387 25
386 150
526 341
788 461
494 98
167 48
11 310
850 761
49 81
161 73
62 32
23 60
202 446
207 189
138 215
303 366
78 175
215 298
906 566
116 38
27 256
576 391
281 557
372 687
73 961
70 303
777 613
372 462
227 616
582 779
211 292
697 340
430 239
800 929
951 677
208 48
490 791
24 162
311 449
613 191
264 379
114 94
216 692
480 505
132 32
821 297
771 675
14 815
301 180
595 330
115 138
729 561
911 991
247 86
370 400
718 136
864 213
174 334
75 199
689 510
738 937
151 691
403 249
124 9
298 465
356 630
36 87
139 497
196 238
123 270
146 320
108 68
343 645
271 376
47 23
97 62
813 308
828 591
360 733
705 213
751 907
91 12
33 891
710 681
857 249
380 753
884 215
300 671
413 193
378 872
220 560
834 192
592 203
241 315
340 550
646 609
12 38
239 700
186 316
544 464
200 501
20 35
755 311
407 64
717 204
585 511
503 4
52 12
11 67
596 625
218 506
270 483
861 512
63 8
47 285
629 668
883 865
267 177
274 273
589 330
132 166
54 307
780 668
11 378
757 124
726 394
338 254
128 139
173 492
134 205
393 758
147 171
856 767
29 9
902 616
521 561
471 513
778 968
945 394
688 385
78 918
521 202
936 759
455 976
351 52
598 318
139 626
14 226
102 33
349 398
739 194
481 445
205 327
878 912
129 47
28 949
745 261
423 355
551 654
220 90
807 189
587 826
61 300
465 760
656 684
954 30
702 651
681 973
174 358
343 332
16 504
535 238
76 56
68 321
47 922
699 86
164 106
326 496
773 176
895 757
413 727
573 676
90 309
6 8
50 40
4 2
275 467
25 189
798 678
840 657
373 220
871 400
318 768
8 28
250 663
74 377
600 585
567 453
360 275
740 213
141 392
1 195
380 180
10 9
446 524
182 192
563 180
946 608
248 134
648 838
992 722
236 391
447 482
801 138
572 799
225 545
411 45
642 274
466 538
107 286
513 650
479 93
972 898
108 897
863 77
445 393
204 472
91 163
22 109
42 213
305 277
183 131
483 819
223 406
625 669
457 677
17 237
887 575
376 617
229 706
53 2
58 484
395 693
53 126
750 483
27 680
15 290
324 306
262 578
325 889
561 987
294 150
22 11
31 14
142 103
86 70
23 180
523 443
135 177
39 101
679 412
868 833
348 209
427 272
596 763
122 429
37 775
11 40
9 16
192 194
158 229
408 118
6 7
92 410
15 8
495 131
7 11
271 92
130 61
31 508
63 78
420 45
419 831
374 35
113 601
314 183
666 149
89 258
213 696
115 56
127 921
299 637
792 770
830 289
759 689
574 847
89 6
238 985
165 583
832 984
7 32
704 209
42 122
191 632
502 191
782 742
475 258
14 170
536 496
70 644
236 415
44 37
296 304
50 905
47 837
769 290
12 14
240 463
437 96
226 333
401 172
593 364
673 581
239 5
46 681
512 744
199 441
181 86
520 890
17 27
77 75
573 724
730 671
55 356
67 269
749 706
25 117
824 658
158 128
784 437
85 81
478 243
141 631
545 843
106 886
846 791
967 818
966 424
680 723
567 816
50 65
244 195
790 885
34 7
33 210
554 414
549 164
738 212
882 406
215 412
36 174
728 490
21 200
